1 27
2 28
3 4
4 17
5 42
6 44
7 45
8 45
9 22
10 30
11 29
12 19
13 24
14 22
15 32
16 20
17 17
18 58
19 36
20 31
21 56
22 18
23 11
24 8
25 19
26 41
27 30
28 65
29 28
30 27
31 20
32 42
33 36
34 30
35 49
36 39
37 32
38 14
39 10
40 37
41 16
42 29
43 9
44 20
45 9
46 28
47 28
48 42
49 27
50 30
51 28
52 18
53 17
54 28
55 40
56 11
57 32
58 30
59 37
60 42
61 32
62 38
63 34
64 33
65 42
66 2
67 31
68 37
69 58
70 36
71 44
72 26
73 25
74 20
75 21
76 17
77 23
78 16
79 29
80 28
81 37
82 31
83 42
84 24
85 15
86 28
87 10
88 10
89 13
90 14
91 14
92 39
93 27
94 23
95 28
96 16
97 38
98 21
99 17
100 35
101 41
102 20
103 28
104 32
105 23
106 50
107 49
108 12
109 5
110 11
111 28
112 51
113 23
114 13
115 12
116 10
117 14
118 28
119 28
121 17
122 25
123 24
124 23
125 10
126 33
127 30
128 10
129 29
130 17
131 31
132 30
133 23
134 49
135 31
136 25
137 23
138 53
139 49
140 2
141 34
142 28
143 4
144 10
145 28
146 9
147 13
148 11
149 44
150 42
151 18
152 38
153 41
154 5
155 31
156 41
157 12
158 35
159 35
160 15
161 25
162 39
163 22
164 20
165 31
166 10
167 69
168 10
169 17
170 38
171 5
172 17
173 35
174 28
175 17
176 13
177 16
178 44
179 15
180 23
181 23
182 19
183 24
184 23
185 11
186 43
187 26
188 33
189 40
190 33
191 27
192 30
193 16
194 49
195 30
196 23
197 32
198 26
199 23
200 25
