104 65
2 57
93 57
119 57
11 56
21 54
181 54
108 53
41 52
167 51
68 49
77 49
105 48
115 48
90 47
146 47
188 47
32 45
62 45
38 44
174 44
13 43
40 43
79 43
157 43
185 43
31 42
148 42
8 41
20 41
112 41
121 41
190 41
9 40
30 40
34 40
113 40
162 40
172 40
14 39
24 39
28 39
147 39
17 38
25 38
29 38
54 38
57 38
128 38
165 38
180 38
200 38
92 37
173 37
42 36
45 36
47 36
140 36
171 36
18 35
53 35
187 35
44 34
94 34
120 34
98 33
170 33
166 32
70 31
71 31
91 31
103 31
186 31
191 31
3 30
52 30
73 30
75 30
125 30
168 30
26 29
96 29
97 29
100 29
116 29
117 29
123 29
141 29
5 28
6 28
7 28
10 28
48 28
99 28
137 28
177 28
1 27
56 27
59 27
74 27
87 27
95 27
130 27
37 26
61 26
78 26
80 26
144 26
155 26
198 26
15 25
19 25
36 25
50 25
69 25
114 25
131 25
133 25
134 25
192 25
195 25
4 24
35 24
135 24
65 23
110 23
127 23
158 23
161 23
183 23
194 23
85 22
136 22
163 22
196 22
64 21
109 21
126 21
156 21
16 20
39 20
67 20
151 20
179 20
63 19
83 19
159 19
189 19
86 18
139 18
153 18
160 18
169 18
27 17
51 17
81 17
82 17
89 17
106 17
142 17
58 16
88 16
101 16
138 16
175 16
12 15
111 15
154 15
107 13
129 13
22 12
55 12
66 12
76 12
118 12
143 12
145 12
182 12
184 12
197 12
122 11
178 11
23 10
84 10
33 9
152 9
102 8
124 8
164 7
199 7
43 6
132 6
176 6
49 5
150 3
46 2
72 2
60 0
